00000000000010000000000000000000
00000000000010000000000000000000
00000000000011111111111111110000
00000000000000000000000000010000
00000000000000000000000000010000
00000000000000000000000000010000
00000000000000000000000000010000
00000000000000000000000000010000
00000000000000000000000000010000
00000000000000000001111111110000
00000000000000000001000000000000
00000000000000000001000000000000
00000000000000000001000000000000
00000000000000000001000000000000
00000000011111111111000000000000
00000000010000000000000000000000
00000000010000000000000000000000
00000000010000000000000000000000
00000000010000000000000000000000
00000000010000000000000000000000
00000000010000000000000000000000
00000000011000000000000000000000
00000000001000000000000000000000
00001111111000000000000000000000
00001000000000000000000000000000
00001000000000000000000000000000
00001000000000000000000000000000
00001000000000000000000000000000
00001000000000000000000000000000
00001000000000000000000000000000
00001111111000000000000000000000
00000000001000000000000000000000

