Привет, мир!
224 80

224 80

224 80

224 80

224 80

224 80

224 77

224 77

224 77

224 77

224 80

224 80

224 75

224 75

224 75

224 75

224 75

224 80

224 75

224 75

224 75

224 75

224 75

224 75

224 75

224 75

224 80

224 80

224 75

224 75

224 80

224 80

224 77

224 77

224 77

224 77

224 77

224 77

224 77

224 77

224 77

224 77

224 77

224 77

224 77

224 77

224 77

224 77

224 77

224 77

224 77

224 77

224 77

224 77

224 77

224 77

224 77

224 77

224 77

224 77

224 77

224 77

224 77

224 77

224 77

224 77

224 77

224 77

224 77

224 77

224 77

224 77

224 77

224 77

224 77

224 77

224 77

224 77

224 77

224 77

224 77

224 77

224 77

224 77

224 80

224 75

224 72

27 