       4
       4
0 0 0 0 
524288 0 0 0 
524288 524288 0 0 
524288 524288 524288 0 
524288 524288 786432 0 
524288 524288 917504 0 
524288 524288 983040 0 
524288 524288 1015808 0 
524288 524288 1032192 0 
524288 524288 1040384 0 
524288 524288 1044480 0 
524288 524288 1046528 0 
524288 524288 1047552 0 
524288 524288 1048064 0 
524288 524288 1048320 0 
524288 524288 1048448 0 
524288 524288 1048512 0 
524288 524288 1048544 0 
524288 524288 1048560 0 
524288 524288 1048560 16 
524288 524288 1048560 16 
524288 524288 1048560 16 
524288 524288 1048560 16 
524288 524288 1048560 16 
524288 524288 1048560 16 
524288 524288 1048560 16 
524288 524288 1048560 16 
524288 524288 1048560 16 
524288 524288 1048560 16 
524288 524288 1048560 16 
524288 524288 1048560 16 
524288 524288 1048560 16 
524288 524288 1048560 16 
524288 524288 1048560 16 
524288 524288 1048560 16 
524288 524288 1048560 16 
524288 524288 1048560 16 
524288 524288 1048560 16 
524288 524288 1048560 16 
524288 524288 1048560 16 
524288 524288 1048560 16 
524288 524288 1048560 16 
524288 524288 1048560 16 
524288 524288 1048560 16 
524288 524288 1048560 16 
524288 524288 1048560 16 
524288 524288 1048560 16 
524288 524288 1048560 16 
524288 524288 1048560 16 
524288 524288 1048560 16 
524288 524288 1048560 16 
524288 524288 1048560 16 
524288 524288 1048560 16 
524288 524288 1048560 16 
524288 524288 1048560 16 
524288 524288 1048560 16 
524288 524288 1048560 16 
524288 524288 1048560 16 
524288 524288 1048560 16 
524288 524288 1048560 16 
524288 524288 1048560 16 
524288 524288 1048560 16 
524288 524288 1048560 16 
524288 524288 1048560 16 
524288 524288 1048560 16 
524288 524288 1048560 16 
524288 524288 1048560 16 
524288 524288 1048560 16 
524288 524288 1048560 16 
524288 524288 1048560 16 
524288 524288 1048560 16 
524288 524288 1048560 16 
524288 524288 1048560 16 
524288 524288 1048560 16 
524288 524288 1048560 16 
524288 524288 1048560 16 
524288 524288 1048560 16 
524288 524288 1048560 16 
524288 524288 1048560 16 
524288 524288 1048560 16 
524288 524288 1048560 16 
524288 524288 1048560 16 
524288 524288 1048560 16 
524288 524288 1048560 16 
524288 524288 1048560 16 
524288 524288 1048560 16 
524288 524288 1048560 16 
524288 524288 1048560 16 
524288 524288 1048560 16 
524288 524288 1048560 16 
524288 524288 1048560 16 
524288 524288 1048560 16 
524288 524288 1048560 16 
524288 524288 1048560 16 
524288 524288 1048560 16 
524288 524288 1048560 16 
524288 524288 1048560 16 
524288 524288 1048560 16 
524288 524288 1048560 16 
524288 524288 1048560 16 
524288 524288 1048560 16 
524288 524288 1048560 16 
524288 524288 1048560 16 
524288 524288 1048560 16 
524288 524288 1048560 16 
524288 524288 1048560 16 
524288 524288 1048560 16 
524288 524288 1048560 16 
524288 524288 1048560 16 
524288 524288 1048560 16 
524288 524288 1048560 16 
524288 524288 1048560 16 
524288 524288 1048560 16 
524288 524288 1048560 16 
524288 524288 1048560 16 
524288 524288 1048560 16 
524288 524288 1048560 16 
524288 524288 1048560 16 
524288 524288 1048560 16 
524288 524288 1048560 16 
524288 524288 1048560 16 
524288 524288 1048560 16 
524288 524288 1048560 16 
524288 524288 1048560 16 
524288 524288 1048560 16 
524288 524288 1048560 16 
524288 524288 1048560 16 
524288 524288 1048560 16 
524288 524288 1048560 16 
524288 524288 1048560 16 
524288 524288 1048560 16 
524288 524288 1048560 16 
524288 524288 1048560 16 
524288 524288 1048560 16 
524288 524288 1048560 16 
524288 524288 1048560 16 
524288 524288 1048560 16 
524288 524288 1048560 16 
       4
       4
0 0 0 0 
524288 0 0 0 
524288 524288 0 0 
524288 524288 524288 0 
524288 524288 786432 0 
524288 524288 917504 0 
524288 524288 983040 0 
524288 524288 1015808 0 
524288 524288 1032192 0 
524288 524288 1040384 0 
524288 524288 1044480 0 
524288 524288 1046528 0 
524288 524288 1047552 0 
524288 524288 1048064 0 
524288 524288 1048320 0 
524288 524288 1048448 0 
524288 524288 1048512 0 
524288 524288 1048544 0 
524288 524288 1048560 0 
524288 524288 1048560 16 
524288 524288 1048560 16 
524288 524288 1048560 16 
524288 524288 1048560 16 
524288 524288 1048560 16 
524288 524288 1048560 16 
524288 524288 1048560 16 
524288 524288 1048560 16 
524288 524288 1048560 16 
524288 524288 1048560 16 
524288 524288 1048560 16 
524288 524288 1048560 16 
524288 524288 1048560 16 
524288 524288 1048560 16 
524288 524288 1048560 16 
524288 524288 1048560 16 
524288 524288 1048560 16 
524288 524288 1048560 16 
524288 524288 1048560 16 
524288 524288 1048560 16 
524288 524288 1048560 16 
524288 524288 1048560 16 
524288 524288 1048560 16 
524288 524288 1048560 16 
524288 524288 1048560 16 
524288 524288 1048560 16 
524288 524288 1048560 16 
524288 524288 1048560 16 
524288 524288 1048560 16 
524288 524288 1048560 16 
524288 524288 1048560 16 
524288 524288 1048560 16 
524288 524288 1048560 16 
524288 524288 1048560 16 
524288 524288 1048560 16 
524288 524288 1048560 16 
524288 524288 1048560 16 
524288 524288 1048560 16 
524288 524288 1048560 16 
524288 524288 1048560 16 
524288 524288 1048560 16 
524288 524288 1048560 16 
524288 524288 1048560 16 
524288 524288 1048560 16 
524288 524288 1048560 16 
524288 524288 1048560 16 
524288 524288 1048560 16 
524288 524288 1048560 16 
524288 524288 1048560 16 
524288 524288 1048560 16 
524288 524288 1048560 16 
524288 524288 1048560 16 
524288 524288 1048560 16 
524288 524288 1048560 16 
524288 524288 1048560 16 
524288 524288 1048560 16 
524288 524288 1048560 16 
524288 524288 1048560 16 
524288 524288 1048560 16 
524288 524288 1048560 16 
524288 524288 1048560 16 
524288 524288 1048560 16 
524288 524288 1048560 16 
524288 524288 1048560 16 
524288 524288 1048560 16 
524288 524288 1048560 16 
524288 524288 1048560 16 
524288 524288 1048560 16 
524288 524288 1048560 16 
524288 524288 1048560 16 
524288 524288 1048560 16 
524288 524288 1048560 16 
524288 524288 1048560 16 
524288 524288 1048560 16 
524288 524288 1048560 16 
524288 524288 1048560 16 
524288 524288 1048560 16 
524288 524288 1048560 16 
524288 524288 1048560 16 
524288 524288 1048560 16 
524288 524288 1048560 16 
524288 524288 1048560 16 
524288 524288 1048560 16 
524288 524288 1048560 16 
524288 524288 1048560 16 
524288 524288 1048560 16 
524288 524288 1048560 16 
524288 524288 1048560 16 
524288 524288 1048560 16 
524288 524288 1048560 16 
524288 524288 1048560 16 
524288 524288 1048560 16 
524288 524288 1048560 16 
524288 524288 1048560 16 
524288 524288 1048560 16 
524288 524288 1048560 16 
524288 524288 1048560 16 
524288 524288 1048560 16 
524288 524288 1048560 16 
524288 524288 1048560 16 
524288 524288 1048560 16 
524288 524288 1048560 16 
524288 524288 1048560 16 
524288 524288 1048560 16 
524288 524288 1048560 16 
524288 524288 1048560 16 
524288 524288 1048560 16 
524288 524288 1048560 16 
524288 524288 1048560 16 
524288 524288 1048560 16 
524288 524288 1048560 16 
524288 524288 1048560 16 
524288 524288 1048560 16 
524288 524288 1048560 16 
524288 524288 1048560 16 
524288 524288 1048560 16 
524288 524288 1048560 16 
524288 524288 1048560 16 
524288 524288 1048560 16 
